1711075.5955
283508.082
1560190.445
2859662.4792
806714.892
2402462.4471
522000
226560.7284
2048705.4379
456139.8617
2028776.5155
775693.8824
260718.301
360951.0569
262899.2104
544594.6498
249721.1319
262485.3353
1043791.1705
299308.6836
801632
842421.8225
886570.7244
285780.0026
485830.5813
471054.2808
340672.0462
254510.4
432417.69
4019873.6681
414291.5438
3520266.9673
12144373.1116
595500.5629
3397730.9577
395002.764
406111.9239
457340
664826.8
614348.0108
1289465.5307
338879.837
709132.3622
713870.2806
10668376.8116
1809812.5959
478357.5503
2074192.001
1258187.7973
1276127.6696
523012.1151
1501248.6554
398205.632
2311312.0686
263160.56
33879828.204
1810426.7826
1182864.1707
275654.08
340990
3018026.9171
285426.3258
1865781.19
233411.7658
694107.13
1138214.5359
1037830.8026
520345.105
304347.9871
4036724.7121
274274.5885
1309290.6724
366825.6
1699728.5268
871483.9075
589390.9504
288014.4
1010408.5155
2422259.6134
649630.527
8267235.8691
2970316.4453
807300
284064.2031
328876.0205
389080.575
610052.353
697236.9183
1581323.5845
269465.9355
351253.3345
965696.0971
2894553.7264
953321.5982
1421603.554
481104
39406084.4668
1274998.2272
1249923.6617
282307.8663
309748.3371
386544.72
304442.466
1278298.2531
278597.2957
1923519.74
1396785.7237
164429.7856
357790.08
640612.5507
378840
980019.7539
809564.3144
289725.4166
533745.7968
619910.6067
487230
330083.5883
593448.5286
17993712.3944
462903.431
1286315.4197
729430.276
498510.5073
1434091.9
718092.9
514475.5067
369303.2048
702953
528796.4986
281900.4716
464640
251784
1439467.9899
4432461.74
2028603.1196
193087.275
5547779.904
163844.8654
955122.9401
483140
629858.2544
343296.5686
287304.6227
160880.9898
715147.054
572161.24
341792.4
300683.93
109616.0062
239720.4448
267500.4511
335335
3445111.8547
2037497.6829
897511.6028
1249182.8845
661600
501705.3691
461443.5854
4164055.7529
1414276.1978
1400940.1713
731753.1535
941805.795
974223.864
907790.0818
1816670.646
576325.4802
3147597.6
1106894.3439
218183.1592
1426802.2426
615138.2346
602414.2229
654825.3871
590497.6641
6153113.415
338240.151
1550700.8567
330967.91
742001.7939
606379.1716
136969
3230782.8924
786608.781
2737524.4711
487796.6827
310816.16
1738182.2352
351960
1798455.1889
429758.2523
1840999.6755
635594.7305
684181.7325
255527.761
707749.8245
286553.9053
3498904.112
335509.079
406469.029
464150.8417
1490732
552074.6158
904732.4944
57332259.6177
617152.0509
472304.2508
628268.7524
221832.7832
845678.8264
632905.3931
344962.8039
134160
888182.7635
281906.883
334297.84
236610.7286
2082795.6072
1312480.988
675162.6085
909334.47
250853.3344
1921286.4867
1582879.32
745442.847
3056341.843
834092.9043
2778268.0668
6799231.2865
376689.6
532767.0594
754449.4755
250399.296
241025.1555
2787882.1541
415300.5561
517138.9584
16137152.2738
3057300
2138351.2012
281311.8836
1148147.9937
229299.8087
1981591.1425
159674.256
1578670.5448
2958766.0771
364418.0648
1374975
401737.8816
3346685.8513
695497.8544
524880
548637.2185
872611.5933
744687.5823
172902.8776
708094.86
2172096.4572
3302548.7053
382836.7235
396705.8798
7108892.1874
794946.2268
24644690
1829678.8842
392297.0683
892740.6961
11900593.178
2268501.0911
420607.6423
3343717.1242
991627.8075
323643.1797
457994.7837
511372.6016
280741.3821
3971446.9379
826867.3963
1905788.3752
593491.1801
273827.9526
1083042.2905
488284.1116
607569.9349
375064.2
23765291.1335
366864.0527
449068.8
181239.144
341711.5118
227154
1647519.6157
274000
22469415.04
3417592.7757
596420.966
599998.2055
4655949.9667
352401.0288
317616
2341926.2802
199075.65
1382264.0517
559748.2994
828134.2233
265317.9431
807906.7546
1053618.5
2879489.76
2005550.4235
122677.57
575640.7347
456038.3123
717697.5552
727552.6428
593917.4
6002358.1114
1266469.1414
434921.478
597887.9918
1840392.9446
989166.9163
689343.06
1711131.7195
3454716.7825
310480.3816
835740.0909
912601.1504
1290628.4588
777386.3896
315680.4195
765033.75
395280
527127.4372
28085618.6468
251347.93
839857.0433
1365315.9126
413465.601
940051.8429
5791553.9586
1089200.61
404726.2245
799075.2
1828088.5478
388836.9333
684429.5416
3237275.1323
409098.0764
241698.8344
2516083.2879
888825.555
461291.5849
1089191.2
253461.0078
431349.0116
931585.3456
367653.7432
1183234.0507
450590.1993
3162896.4705
242807.3672
753012.0929
2802764.0625
1325384.64
340534.6728
3286467.6189
6118533.0963
587112.1293
1044257.5375
852558.5664
661330.983
1749554.8365
1749529.0453
1129086
3918599.7478
11441081.5665
415813.1711
349874.3066
404543.1249
317856
1536816.3827
601924.3637
369512.748
529113.0865
718347.248
446349.8733
498081.1966
456427.88
405610.3636
149575.888
393415.3425
240932
570333.0566
178405.064
537373.9809
179316.918
767530.0485
2039840.5254
887521.5868
1118561.5669
2078477.7257
2478562.2374
373980.9339
200931.4264
332350.26
1090105.36
534967.4594
1108800.002
389700.485
900777.2287
306477.7144
934300.5
906154.9276
688640
441763.5094
2721983.8608
1479169.5223
3095210.372
306405.0861
1115230.22
3870758.0209
628741.0316
641697.4148
886486.7533
16084195.6321
1427640.4072
501959.185
589856.8286
424995.0336
3753464.4252
443253.4816
296543.6875
682171.4715
739889.8997
844650
675544.8296
1264136.6563
416953.5629
625288.0008
1197520.9054
757358.7496
2471112.232
106015.5929
1128978.2696
475961.3479
296214.81
599089.0574
7345536.3149
574058.496
489811.159
2160326.2704
313579.6015
876737.3403
489110.2516
452927.4117
2626965.41
445164.0881
172705852.7323
172560.0072
8221320.0475
508827.3328
495078.287
1307550.5975
2049276.9697
1145032.6648
447713.4777
1576657.2544
481242.0723
807613.7292
4347786.4976
827171.7412
2681986.7105
315073.6862
429098.3265
463993.5449
743265.366
47481328.4568
399024
461770.2245
259168.2912
1230151.8057
290779.169
576712.9308
830268.0175
5234101.4054
3775671.0895
914219.085
441972.3
1809137.509
372043.464
2853589.8439
523315.995
1360508.2195
262836.757
359716.3006
241493.7205
278214.04
943949.5169
13319505.0208
361132.3575
458477.7384
294583.3654
59733918.1347
1617960
1341019.7529
455484.4929
427983.4462
1246919.3466
305719.45
2237167.5463
1716687.4463
483813.334
1056622.4091
608184.4506
305184
1420354.0765
761400.1748
868293.784
773523.2531
284777.1598
933121.9455
1425828.3
10869896.1436
199754.6683
1066653.319
230791.565
919852.1673
852460
625190.2985
561778.5652
515070.187
1361280
3841011.4452
259417.62
1482345.9536
312044.5537
1014864.8486
1214466.85
1778803.9705
381506.3211
1553587.8076
222495.4452
1366551.0436
207450.8498
1204595.3464
1167195.405
1663256.3322
106642.7591
3363600.6904
319067.2198
1286059.0565
554186.9402
444482.086
6517837.0725
403173.8119
3038030.2545
258005.125
1292712.9925
2687396.949
586070.5595
469974.42
278295.7662
1248622.7877
757438.08
483463.29
1493155.1674
476426.3909
8818953.9212
199523.2818
351328.3409
301064.256
1504644.7565
847087.0487
555721.8584
6645868.3488
418704
1281647.597
499189.608
3421074.6907
796910.2305
172432.5
1195634.8675
722645.7225
616247.4522
4092115.8186
387753.52
356766.0023
2731987.7272
2319939.9829
728213.6728
15966105.3956
2437770.5081
1969904.2346
316363.8472
1014098.2443
2687910.3637
173022.5476
293476.68
440268.284
1165762.1005
415648.1278
1173288.4976
584940.6836
263984.5
548411.6
314845.7
302442.8824
605679.0284
190944
601846.6437
4744653.6314
813093.5925
286181.4299
1139646.96
513753.0873
515846.0927
4334573.8252
228420
2515628.7338
417856.3499
228402.72
1785569.719
422419.2
361470.7715
3456378.7364
2454928.3917
23863558.1901
323506.56
416162.5584
259717.472
13698832.5075
1465961.0427
6039140.7512
346248
581674.7695
377652.8305
931895.7571
1061556.7232
289472.5322
460606.5152
953952.5472
855103.8829
443280.24
666557.5373
183407.5241
400040
1132320
319938.6541
428563.4834
422934.2095
414282.1478
2167697.1121
451651.1122
1981981.562
3313488.816
551312.3162
3441117.834
343219.7702
356692.7146
2256483.0312
250714.6433
716188.6809
270444.4811
607146.3783
37325048.0521
1159119.1226
1099069.3881
599526.9785
587274.6023
149588.0988
275891.3816
249687.8164
1610859.6785
3355790.5109
3989298.1527
849562.35
1635800.0082
15330031.9629
9472591.9099
405379.37
18110559.9112
1007265.7
349318.6686
336314.2687
1739663.867
19557774.4375
562149.2595
2781378.3504
5097790.2567
965334.7408
1197869.0327
339358.9087
6983988.28
724762.8734
444288.88
236483.9416
2693349.68
313191.92
11125786.4816
1298498.5637
605753.042
728220.5729
408936
581212.4884
857088
2620074.2438
2546996.6321
527904
271039.9998
4008222.8429
351621.2498
1795858.0123
1441920
4016495.7582
330244.9592
389525.4899
3449809.491
596924.4
594649.2471
427623.7562
1318483.6615
11676022.9676
345207.7816
159280.3093
308711.9755
660094.3313
264426.9972
311948.1
996636.2114
451969.2674
2322879.5108
886034.0824
407811.1375
404388.1
1748978.7463
1264819.05
334625.0413
471876.5744
577515.2435
1252239.1425
331223.4832
1003998.389
439251.8303
2004168.9028
4528495.5033
2139173.3317
169509.64
253048442.5332
1583564.8824
466976.9278
848035.5407
1322580.2862
1357286.4868
1067520
430799.2027
2303803.9702
685476.48
919078.1965
283752.04
412078.0866
1956141.4845
683498.691
713302.3201
4928177.1666
229389.7924
428986.935
4922581.5625
1042182.6195
2842789.7865
821520.8442
4328855.8582
1057501.2219
322874.8313
917925.1952
743825.7321
555024.1343
1889411.2265
367865.8799
606677.8221
998355.4417
987305.4526
418455.6629
228520.4222
1770968
272484.0108
54995790.3581
2100448.7275
297468.0689
236230.5215
516335.807
274261.05
618389.3902
1652672.0583
4717368.438
1550267.7044
410112
3345405.2778
1015777.5613
631526.2279
605210.5121
1002575.1398
703239.7674
495548.0356
2145567.1673
624452.4903
937305.9092
279720
918592.3202
438383.2035
646413.6926
226145.942
2380813.6663
560842.9865
817901.7627
204068.2353
447490.724
966187.008
2639951.8748
452797.4687
791110.0144
353398.55
699682.739
1220574.4849
249610.24
8552466.3365
174942149.0355
2302468.6615
4545852.409
261729.5662
727241.9045
317059.3318
296100
1361857.5978
251572.8375
362976.6465
770019.25
528212.5239
569600.5043
401588.3518
1903798.1755
168568.428
274095.36
492491.2756
567939.4109
351982.9124
1671177.869
2146958.436
2744765.9481
1848337.3632
607083.1619
208031.7344
2685322.2355
1698104.754
216332.6001
1105379.668
125299.2
1351470.9663
287190.052
365231.4795
3417438.542
5161275.7359
949560.3338
1989318.0971
549453.6856
549897.4015
1667886.363
297700
276320.4594
230374.6191
793633.5277
1970910.3187
310959.7336
689000
358489.6986
500505.844
636957
3424237.0164
600450.1725
5755745.7439
1178003.1849
3241032.7733
592816.3899
689877.5074
251242.4628
1823222.2719
598664.2383
396000
13626440.6571
3304816.2223
3398134.7149
262576.1918
555157.7363
697046.1201
554961.8
532335.2678
302853.5856
830741.1658
3710478.1082
258583.2758
5353762.5
2069626.0501
1283439.2206
580064.352
880480.146
710580
786672.2285
3619916.5194
12132691.6211
1133610.507
607017.5394
421101.2925
361080
800760.7746
451574.1468
364366.4931
1128168.2953
1020082.1951
579730.8898
474320
1922039.68
481727.1248
451374.0311
23230407.7351
545740.1076
656287.2581
287184.8699
912688.8436
384219.2192
406605.0208
1996213.5826
283130.603
1310010.3486
724150.8956
2599173.0121
383603.331
983200.1229
397499.61
645526.0661
231513.6922
700413.6183
1451290.1876
250619.5869
196214.5446
560825.5014
489677.384
2205332.5177
292041.8568
751466.4
924953.1595
1482867.8197
523160.8275
611319.422
929195.52
9804428.963
465261.8771
200288.1793
1515966.3363
1256476.078
3743629.6055
542962.3873
849013.9679
372713.5053
292316.4764
251289
399461.4807
3047573.9778
221458.6413
776481.4105
686086.2
402315.6713
402640
357565.1531
719940.1711
610449.0844
1707279.1273
522866.44
1657690.6185
329508.4666
3975054.038
2576922.5258
1582026.0034
337204.0039
3399475.5482
262310.4
334923.412
301728.0398
1846906.5
356152.9877
982485.0812
467354.3076
3275743.8638
811620.29
381457.3532
1147303.3475
462023.108
24130767.388
1090971.0401
691125.5868
342723.4185
1612570.0609
1194466.4063
2434312.6397
15097366.3326
16987578.3788
1969029.8045
396017.4683
468517.5384
1178766
2939295.4212
376145.4198
3440582.3882
382584
208191.1643
503265.3818
835338.9019
1055294.6481
851103.4048
416871.6
820232.0761
1020800
498105.91
418055.0274
990932.1058
5224666.0758
137713.77
705536.6436
653209.1
523262.7681
407288.2593
1732594.438
782578.818
517811.5053
742057.5745
854048.9924
1635555.5558
151187.4
475658.3415
364074.2039
232001.0965
14207201.2815
513917.9421
13024926.9492
12378452.5115
16105460.3104
217616
16035912.1181
1187593.1775
1572030.6975
525561.0824
781140.6424
355650.4997
906489.4138
1910626.8509
277704
313915.914
602277.1074
1180541.303
15363378.2552
590481.188
628155
577036.9707
2776154.2734
87726.2075
2316515.272
570069.3763
713010.396
395901.1479
1585276.2854
509342.9013
406585.4623
248121.9626
281854.72
3575513.1387
20356010.5432
4087464.1885
4146161.7517
2119223.5034
373685.7777
890934.7714
267169.0003
6435924.1453
968495.1991
3488029.4865
437473.8215
845363.7234
515943.2674
111311.2492
757107.024
2772000
1039673.5709
1597116.2985
1990483.5301
442900
253520
1301690.544
345222.4356
253947.6573
1235343.4846
232627.2896
248580
453394.5436
643272
4231350
6946853.417
324268.0597
335729.7325
1922403.3208
1743204.895
400377.252
504160.3757
1688648.6605
3260788.9077
769017.6357
277368.0533
3353487.5
490894.6
3474445.7514
236463103.3409
1565550.5631
705656.1863
294789.5413
1154700.4251
238231.2557
560030.8491
2580194
563977.504
1256487.4562
795455.0007
747857.88
1550546.8947
363617.3033
581652.6729
2469956.4118
3080149.9762
314697.6172
602788.2957
206089880.4746
3253505.0478
4092467.2618
651343.0336
434067.0135
3133353.1236
790936.0635
464916.7388
608490.792
524683.9995
4183880.2173
624612.8
566388.6484
1274824.2358
1013041.5903
1909227.3746
422610.5795
495701.9607
195681.434
390270.6654
357377.589
670890.6296
758471.274
354304.128
276302.6826
1752797.2659
355621.5225
139313.8656
390751.83
161049.8768
2913669
3629140.2025
543320.8773
522005.7097
1164000
3762833.8772
16601640.0362
759152.2055
554885.12
900062.9313
1727498.5322
255416.7
210359.7671
475746.5295
264533.6974
4166416.497
1154032.0267
545883.4577
1600938.5471
459501.3828
1957270.3249
294110.2878
1290276.6852
181834.68
469160.4949
325921.18
653981.7817
160190.2
7513724.4646
4071417.5834
268865.4412
1103417.2768
667616.268
6540540.1963
1180240.8794
348323.4731
2074809.8406
1529998.5845
490077.2568
795866.8225
335999.4678
12257202.109
1759399.0416
863560.32
5351118.4233
908245
2310110.7992
1535801.2986
826596.284
655888.0319
973335.295
255388.9979
993600
4884128.688
488397.9468
542030.3971
474919.5813
710711.544
1518020.0924
1230908.7841
387519.6351
425664
1142339.0865
187785.72
242760
17376559.8385
671747.3563
1389034.5641
465669.5607
1872571.9389
2564873.1969
696471
725984.9644
652470
700737.8698
617968.56
1876689.6474
1529416.3512
558382.1766
460858.3099
838188
14654334.7027
681270.156
5830501.4633
6977622.296
320361.1062
31767324.3439
876400.77
355719.8773
517810.8553
488776.2102
4413393.2948
427466
315892.0206
9922011.3872
474500.3103
367702.3022
414702.2073
2719647.1047
865966.9936
286549.8755
511142.4
981382.2392
665905.894
381460.1328
2552314.2589
458980.3017
1525477.32
831765.6336
1704907.328
1892000.0946
330320.9818
295013.9977
361903.0964
836835.1456
424067.316
9632947.2172
261134.7547
1644208.5211
413568.1032
501767
272099.3192
61965.9236
279467.0922
692292.0744
440807.343
528386.3508
251915.1278
1446000
517993.2074
1517828.4956
1242158.0847
201037.96
637347.194
361603.0059
283197.5112
515697.2147
1245804.3228
325916.7438
724160
542013.55
492121.2366
653625
283597.5777
580737.795
830802.426
843991.133
447216
251002.7104
466695.3205
4128431.5254
595269.8884
244267.1661
1027871.0156
356891.9808
88910910.6539
660495.8195
6906973.9554
2294195.5709
2633995.8029
2023719.15
221766
254239.6687
66553552.1875
601919.9822
619839.181
487681.9067
399550.1279
715538.5482
697580.3484
2006921.9343
404180.4654
227977.198
247470.7764
1755672.697
1425055.397
1059795.7756
566796.9971
5034125.4686
2308942.1733
1765647.225
606460.8975
543252.2677
1821210.3259
382394.418
4690438.6183
482436.6865
368100
1250633.5933
2157925
1053907.7752
9283223.0534
1644165.8624
862515.2809
249192.3634
307511
236105.7569
356824.1094
341331.273
279907.4534
686457.4034
289732.6784
295221.8573
259765.3343
595744.4171
193324
779168.1745
851267.8074
2781133.3608
763320.6315
551200.835
637200
193097.1469
1361255.7803
1044365.2592
324455.7633
212193.8
789592.86
346667.36
842733.1173
418852.98
205478.2934
296125.8279
330039.8385
883471.6797
615165.621
550798.1024
2061575.6785
413796.1882
313328.8919
311569.2
912425.8043
434330.3125
404404.3086
320740.35
1372170.8314
280205.1852
450088.38
1154962.8669
544810.0228
2517984.1763
3564443.3107
693631.4434
606872.3258
28557739.7498
618034.733
901624.1121
3255355.083
300736
377709.1853
931723.5398
570967.6333
6573636.3599
514297.4299
504189.9698
934298.6552
905075.2434
162181.92
535341.2064
509286.2864
1395076.6256
979011.7942
275347.836
6026510.8015
1469593.9856
298306.385
342604.427
2000287.0744
1194770.4239
2907372.5141
55419193.1037
486705.6
142689.942
2296875
15172375.4458
254278.2
1647156.4511
802815.8489
303440
1836065.2374
215456.4359
1062679.0922
791700.6371
793923.1
791423.6926
1074583.232
891211.6397
1181132.2674
3606102.6946
310333.637
492272.8035
1666648.7553
1082016.1549
225149.613
2034230.1728
422013.4599
1048777.9495
2876139.3469
558717.5169
1322540.759
6137809.0248
1270150.6887
381595.9038
209025.04
1284952.86
629835.6933
1506560.6246
699011.1452
1469826.3651
255767.664
329892
360832.0344
307694.5338
883170.8425
1201717.7148
1055392.0683
272715.7325
1349644.518
393649.0733
304157.157
916492.236
1228774.3514
903088.8689
727252.2958
1526918.4
1624289.8853
2027600
2090614.8205
832348.478
210840.63
1355132.4896
5068691.0379
758167.2
259650.8611
2087970.5702
898652.512
541230.0498
1400455.4562
272163.5188
1023738.6324
835074.8263
1025770.904
2586957.3971
936413.4341
1064523.746
592500
8487060.7446
1000154.4768
156875.5
742817.9109
909985.2336
388424.7205
1061812.3491
433584.1148
357859.1231
221659.7044
341286.1907
140415.39
317562.8874
45441514.8138
222728.761
2882683.7091
3787134.0858
4182296.9653
368374.0613
117260.16
746400
1407127.8155
900691.2069
3200257.1619
1660109.017
128816.2
1409308.6475
2949059.4
4194952.5931
513267.2948
3452999.0498
520560
19477974.7567
486751.7473
188083.2568
5440565.1388
705807.0299
476581.0094
325967.6001
1047794.1849
626265.72
659235.6041
445120.0556
344171.171
544988.5168
313610.3059
556836
580392.3344
496547.3197
216797.981
488488.1306
548240
1962759.1251
426841.3663
635165.4761
120258.6
596018.5235
418024.4686
617296.5052
899485.8179
4179137.6736
768699.0446
1341814.8129
363227.8545
265562.752
972621.3296
763680.85
1487283.5666
1193853.581
1044527.1749
531177.1451
360386.6017
1723397.5
609862.2096
776976.9772
665431.2
1367760.5269
2253018.765
1248298.5366
1174038.7994
4231002.3624
374915.45
170400
837786.131
3201841.5094
1663490.5636
5412236.0123
1318909.6325
1931094.767
518960.8437
500935.4063
559862.64
212160
222428.496
1230566.064
293619.3582
638007.9261
409565.3962
849607.1065
627681.5827
1129354.638
6800530.0822
1848356.1041
2063565.3854
1417268.6388
743126.0303
336656.1672
1356301.3241
5131083.1435
508541.8209
13805409.195
666345.2965
346067.3538
557420.0561
732026.88
526012.7344
147559.75
4215695.2058
987679.3514
3280218.5036
7215075.4699
334735.1811
700048.6266
192563.725
7457715.0112
5981895.1447
20433107
311684.1212
3655888.0474
216020
307888.7416
270934.6098
605121.5532
165054.1727
95269553.1842
1817591.2275
846960.8234
1356446.6476
2983893.7621
250828.2
1163272.2439
480202.2793
421215.9469
1031964.4447
577292.8
7288185.665
1075825.8
2219733.5238
462365.5926
757716.5573
1402279.4396
7687950.0349
3284350.8492
278315.1377
2052961.0032
28345147.0633
542745.8077
241518.2317
399566.8727
216576.3521
1354996.56
337639.8772
494433
788802.453
615967.1066
1865228.8432
309608
554206.1008
286157.9153
1721898.44
183163.6796
361766.8435
299226.568
4023087.7895
1148504.4416
794366.8835
923704.5984
412251.84
491014.6456
789475.2934
556073.6345
1055230.9485
698909.5619
718028.6944
2323899.9442
169551.36
560416.2616
1069560.0989
2663161.3437
859013.8882
258052.68
960453.1421
305573.58
565007.573
12126554.3648
7806845.4206
492171.4013
550381.8087
1062474.1576
270441.2547
925831.1326
245596.208
1702993.0003
651601.4257
381212.16
407150.3855
811284.6276
1715094.5189
789092.9888
523213.0839
555965.7281
3293291.952
344332.8
1045921.8276
1053095.74
286591.2
488160
1092382.8139
689806.9538
207720
1083581.24
795992
168283.0987
1655412.7819
333844.08
349315.2
1831833.4687
616931.3955
670318.8562
639639.6505
904545.8404
796560
252413.9046
776264.5709
259944.44
421200
3926572.5857
1659932.8513
507398.2295
7248455.8855
153926.536
276419.52
1440600
932334.3917
380913.0317
625856
452177.6143
11899154.7661
447840.2239
867473.678
6855022.7046
141892.5556
25316095.4037
423106.4454
2321007.3233
982366.8158
663999.9917
1564607.8678
268814.435
2686852.6225
1666854.7429
559162.1209
849682.2862
455895.83
846676.143
598249.2864
1977696.1821
7345445.0843
171060.0885
395590.4
310495.6
20268949.7329
918003.7363
288686.9946
1443682.9287
387830.9726
254333.4361
524925.1445
305523.6375
166598.7589
157087.7468
757765.4306
678092.4814
252425
405480.9528
2070712.4576
257220.0485
17965488.9191
233808.92
371077.3168
2767595.1051
11374925.5383
368737.6
2433621.2214
311154.4041
1900531.5913
895948.3881
3895016.4034
408365.778
553780.3896
373425.443
311181.6258
1798847.636
705586.6969
3802912.4938
1349777.5649
554510.741
836400.1838
8475218.2069
1115010.9334
17764867.9308
5069240.8105
5354597.4952
457941.6
462468.8377
452445.407
3438549.9686
299716.1264
389195.8747
2741044.582
9678408.6761
1234180.5866
724585.4508
618561.1213
774004.7127
675746.4
1268365.6577
643685.8791
718772.728
1389726.9114
213196.0908
963635.04
246600
100253.25
233473.9803
465840.2424
1352227.5438
2595825
1285747.1424
395234.0379
784871.4405
726548.3542
1979921.3472
10408155.4928
3580423.3051
8727435.1903
2075234.8046
700495.1349
334548.6912
2097520.1069
666812.053
467712
1463151.5773
1289239.4325
438173.6625
303383.9437
479675.1434
1227875.4664
1246905.0216
774780.5
276028.7941
5780247.2179
482764.0299
418111.0558
568343.1506
432459.9926
1364352.33
5389206
15220561.451
220804.4183
294519.3696
6090636.7275
1076000
2037702.2502
717562.3659
288751.0533
1893007.8234
1698606.7493
1632548.1964
495486.6405
4571988.5208
465743.5692
887800.0328
2056305.3652
1191750.5458
328888.238
301885.003
529519.0189
2117930.1962
7772203.1039
1250471.214
184016.664
423609.5873
4677869.4529
320345.5866
2721087.8266
338560.8403
1768481.8632
591761.3506
732390.7913
32808823.5306
10197886.3257
139733.7
544305.9978
716409.7928
454995.387
350023.6409
304559.8923
968810.1909
687175.6442
1267245.6403
395215.0541
514573.8402
619444.3621
420567.1176
2296693.6657
432965.3538
379253.7745
1074043.8819
403761.2506
3682041.5583
783855.3603
1630602.2118
633387.4513
503150.7096
391240.1569
3505237.9182
750443.3972
1150224.5025
283705.55
1402212.2564
569556
359886.8808
627668.492
446073.2802
476922.7899
870559.487
1462095.3336
672452.9158
2697246.506
603247.5637
1862765.935
442698.8084
498057.2234
1094374.3036
813510
260969.3229
1418091.7502
1058459.9463
688671.1229
295073.1
1017006.1548
618758.9114
173680
258720
2289608.249
1993312.3611
1265231.8912
1044577.3463
6929965.1474
300268.7043
224764.5638
425227.7032
423030.9901
4771669.9367
749701.9817
734606.08
832024.1841
19416950.5574
502800
305671.2287
9557472.6
2318520.3766
508943.1035
1063935.3874
2747732.7975
293831.7919
1118124.7401
798874.3036
497656.25
6595136.2583
186953.8928
451320
2328491.4597
757347.3661
990524.1247
927479.338
2864288.5216
245524.0139
417661.44
249562.42
262795
478708.5659
471448.969
192136.7151
482670
2310808.9133
1748888.8895
1689955.2261
905293.8672
12744112.0523
503676
6271929.218
305103.376
368553.387
403900.4056
1021596.2027
1147212.4
679123.3306
749588.6444
630391.2
809085.8328
10101748.7807
804723.9624
1256307.9152
1136636.197
756157.637
591033.8216
548190.2553
602963.64
1232445.3395
5968473.2665
298338.8
1328939.3183
773058.2569
1017112.3787
258451.48
1321040.98
205300.6802
508472.03
360390.255
6844651.3825
434640
296917.861
340377.7456
286881.01
315521.8748
1435578.5343
126199.0212
541391.8375
151067.0938
114099.7165
490151.1807
7541048
2444229.0618
923786.5982
4719320.1232
259027.483
479306.88
1079055.9591
249335.152
1309331.9184
204662.887
610727.512
744886.5108
763198.518
307710
851380.6137
4241765.07
2443714.0895
2107350
319690.592
889624.8
2554780.9079
3984875.513
5587483.7792
424385.5165
669440
421132.131
1050379.2
629196.1833
481969.9666
342114.3862
1463286.7903
283745.5343
1188036.5495
328751
3784900.5901
433000
587757.9472
231075
554976.5779
287200.0014
8050569.1717
217443.132
1144572.687
5919883.2
5605919.5367
2288937.7602
756410.8372
418412.2272
2135574.7087
2339293.1995
1072227.2022
543461.8143
541976.3987
157236.786
1825309.8082
1228380.205
275016
10920202.02
793126.7433
1103603.1081
359155.6561
247411.179
296849.8729
227000
1601125.2383
330234.7531
710354.4441
598290.4927
455598.0561
455154.7075
108313.0331
896466.668
125977.9914
510203.2
188763.0462
529646.8727
426008.9543
568054.3536
628953.7852
236505.644
125579
28161722.7475
230774.8825
1799150.9835
2893497.9959
345950.6673
913636.662
508828.3984
2704708.5
188896.68
10347204.7397
2804364.9077
156909.9143
10181639.511
285731.9086
403033.6
207023.3045
558963.4493
170305.1666
4048894.5698
827953.3924
236072.2213
476511.075
335874.3
416299.6955
337776.092
158175.5
507440.8885
751168.5426
347822.1041
1492008.4467
173965.764
640826.1286
498245.088
200237.071
226320.9236
203728.65
362090.0031
12368384.0876
760074.1999
1170515.084
549851.9342
379275.453
897068.0705
1181431.8984
737020.252
880311.5135
785590.2063
1217954.7061
17077219.5466
4869779.7125
421423.8
2877442.623
1193865.0658
236807.2
340141.182
1886097.2982
801556.5574
246330.4
969852.4908
2578800
918075.7917
324725.0584
624810.4073
6486492.8002
3100744.8857
1563638.3091
327936
326052
776550
221760
4788800.8176
2561272.2521
3168938.2749
190149.7
590530.9291
454171.179
185208.192
575154.3296
666739.4694
1116788.7613
254592.0827
3165771.685
4494453.3588
20748482.2685
337236
403790.4045
288208.4
329597.6617
985157.9673
257991.0844
1925344.7754
154371.36
301732.715
686958.498
456592.9298
1162430.4717
8052365.565
519131.0385
694400
2101987.657
105371.3955
2108620.8
408371.0562
233465.5083
656570.6784
821013.2302
1815700.5889
296950.1002
801085.0076
829877.1596
1431000
490552.92
507208.5727
515345.6519
1404045.0144
286080
438753.3812
786776.3565
369054
333988.5964
468512.0215
3410442.3507
2555306.5989
582666.6674
522602.08
5919986.1093
1245598.206
1131416.7348
720803.3305
429982.4881
2910953.0936
499422.2977
503472
327322.3547
765450.9
1543343.8704
1560561.8832
436660.7233
206630.7548
476993.2193
4654800
1375398.342
2863026.9202
883765.514
3460259.7799
298438.224
554567.7495
458928.5979
228160.8
1683497.7593
232835.6588
1285129.9291
6229743.3098
600810.1955
4477366.2618
828654.5223
230906.8618
751151.1386
2215059.4903
2232333.2318
379077.1825
676834.3493
322244.01
2111578.7
266753.4669
15356369.748
628283.1556
11222300.9553
449863.158
459403.5925
198360.1913
463912.5615
700049.4436
137667.6115
4609655.2017
1383300
843528.2646
384241.502
574630.6841
687902.84
488667.5113
8493102.3051
5271623.7421
1201869.4085
19932378.8859
543106.2
976996.1153
14276853.081
309378.664
6022807.6764
1545337.2377
1289622.8698
32300633.9859
498096
484636.7075
1476180.7389
313362.1814
1063624.76
396933.6322
454492.5
208522.9611
2155677.7784
599287.4675
447610.8352
7933317.2702
735028.7722
1052952.7104
1546586.074
84647859.9554
815539.2
1179905.4276
1115382.24
370224.0777
550917.1094
540996.2534
713762.045
390328.1746
10863527.6832
861848.8131
1200150.0668
520385.6179
4169836.6966
132053.7994
1884297.6041
661911.1716
696111.1434
326049.5434
409009.02
4243546.2165
586496.9714
3036883.2104
11315547.7706
440778.9916
335016
166417.9617
3450806.3032
408923.9571
1285511.4497
4197557.0702
876859.7267
1012107.8608
1844018.7869
572675.3256
271530.42
312516.9907
3182755.6114
6020800.9977
3460091.636
413539.0923
243300
573919.8018
1455172.3708
2088522
319478.0104
504820.1252
294362.7797
701360
822124.6862
442393.3928
531621.6768
1059238.6048
566944.311
17132860.2245
392806.4
939625.6104
1790880
353658.6757
293057.1805
1052339.492
517097.2542
960349.7207
1351763.9555
3818309.5082
919188.3998
644251.6954
309414.833
927957.1232
448914.1194
394879.1616
2173235.3215
812988.9347
403387.083
478824.6185
4970328.1125
17926550.1297
242487.5442
366554.8648
236840.5585
449523.3736
382701.6389
220314.4116
6579235.6965
1926253.9214
1203455.1216
948532.5491
380327.09
2507635.9793
2465879.6851
312697.8917
1942839.8969
5854923.0121
395410.0667
288447.7631
1573970.6903
1158361.8789
485596.2289
476582.043
2125548.3213
1537052.5785
346838.5326
3600285
1318115.88
464819.8097
782051.2953
558222.5251
3320222.1136
427373.519
1420799.695
205147.92
17544137.1436
357727.464
3393447.4167
3451975.721
327261.8646
7660207.0517
1661983.827
49701.0092
295458.03
872979.9532
3751698.9591
2381363.3725
4136641.5441
222393.4745
277230.72
2697251.9477
365413.9409
1473474.0969
1465319.353
9112358.5857
1398809.5359
1108447.0327
635925.2012
1358753.7706
14798194.3492
352144.4417
451184
1081000
696459.9
212916.1986
495875.6078
2962385.6941
2575873.1472
1406938
645779.2115
1469201.9806
1282412.4982
6589079.1444
525727.4574
2434412.5339
1267236.6174
227480.0517
733562.4917
385293.2651
1085130.6578
513304.4502
259478.64
522042.4733
2335649.4714
292041.1419
306682
891029.9207
265313.4927
378676.3964
945390.3562
403943.3505
382161.1201
2954081.99
481763.6733
11652336.8808
718613.2716
533362.5
1253257.7828
940046.444
848809.2489
446488
601861.3808
538952.727
1462858.2594
1277704.667
3084524.9369
105157.5551
1036966.2741
254720
1882743.6277
758200.9193
249893.5485
1208425.0979
961264.4917
659820.6915
268688.616
237081.5199
686659.9874
655900
463826.0827
344864.1769
2325853.2013
2586003.681
415926.1645
1699605.6
442748.0043
385031.1987
970136.7205
3341111.1112
566032.5
609822.1787
410099.5315
580658.4259
508897.4018
6420827.6498
724721.9493
6052525.2
2976025.2248
38169957.5808
15537131.4204
3016170.0857
294405.272
259467.2554
773006.642
301196.6917
1548573.3291
106717.312
1854873.5668
438685.1924
1125341.9841
298992.0916
17716290.9163
1591620
663040
7443871.7827
3628418.6127
233208.0905
231605.7825
2970270.962
868864.6809
4391388.7056
366298.5098
898845.182
586435.3488
1255977.4544
292001.3058
1131288.7182
1245100.8273
503210.7049
270910.0548
1117588.481
417293.4942
419097.6
366434.5249
335490.75
567253.3388
310200
287250
718353.0842
329961.9267
155059.6872
1052682.8848
412727.7963
356576.6829
811422.5384
538896.653
904628.3224
2499669.9336
2548447.4751
3887444.1785
393904.0105
855629.312
1099859.244
775346.5777
1307294.5604
266720
1175265
2304320.7214
234373.5
1130865.792
3446043.8428
1112577.0506
804060.1625
303700.8
323567.3772
13166187.178
4733634.4673
2837420.404
3963390.3162
3587831.1302
11277910.8518
1282607.83
497107.8744
345834.6944
12038220.236
586140.4075
897093.57
834845.0963
641363.6576
1652501.2549
514942.7834
1790175.569
877745.7
1102399.5833
8266855.4249
965617.92
1143260.9462
971966.1785
299683.12
1037095.6851
1105103.6432
518423.4305
1062791.209
331743.3856
303186
1098844.227
671761.0834
1197287.5726
3456373.8361
191840
247726.0916
231554.2922
3739643.6271
660000
33551971.984
355910.6334
632640
6358865.0081
362043.2636
3682044.1368
354000
387919.5293
338001.0929
562314.9123
258302.88
1437066.2918
3043491.9373
306510.8508
971906.6286
807112
2743238.2996
1622543.7771
989490.6216
746899.6228
1357153.63
1013636.3199
649409.0731
4607011.7336
1456096.8144
3303773.8966
515566.7105
326056
570478.373
773840
614406.4061
3987016.7136
708209.2859
1621999.8367
614499.4069
1584231.6
595200.0744
856202.0626
224590.275
756943.6692
1575537.5
915622.89
1217228.2548
739588.6123
650800.2941
425051.5482
1427559.1311
1595389.3554
387173.3601
527890.68
1398979.9103
4544423.6707
1800117.566
399840
472363.5588
1107003.1682
434588.9249
1145264.4197
1799525.1204
1252120
252648.2331
5405208.615
265581.03
218132.28
845660.401
855753.735
236902.6872
127756.2536
424424.4923
3646008.5908
1102897.9878
439995.3768
600244.5306
288070.1771
786516.3125
719716.7745
11060859.6939
671132.3403
424883.557
696438.2311
367891.08
631216.9529
299370.2418
556845.2
2705466.1826
2094774.1221
186187.112
1317425.6485
465992.4627
610157.3621
1220464
417024
489751.8764
1484721.7413
1060451.5356
97827781.0863
481270.4
413724.9524
471655.5929
1995415.2899
525916.16
259700.8662
496277.1666
468663.6995
477273.6
406466.8129
1766215.7502
5192836.3473
1118622.2724
613657.1418
7015669.0209
1920115.8773
399716.9983
4594820.5745
410891.7365
830400
1936480
295436.0257
674268.1296
736559.0015
618215.0938
231964.236
929162.5
402800
1329177.2908
693862.9475
126476.56
261022.272
672172.2138
5112481.2808
639071.657
453639.8174
465918.8984
729656.2
631821.7968
343811.396
397434.2198
391236.5537
1808105.5746
2336823.5307
1598750.1218
1147906.1653
1580907.4485
723046.7924
631236.9449
1207537.9689
611884.0648
4633826.8244
769580
488567.682
1212500
718452.9588
356334.6032
1875555.5554
7018068.1274
647731.7178
359849.581
1031894.4
409466.4064
11338292.0562
7387300
411327.114
370312.0722
9331148.5613
775615.05
324024.155
1000525.9534
821842.9715
1082803.1938
160137.5666
258664.4949
796905.3881
10984858.7012
745934.0689
3922616.1129
4540504.8781
2390455.5018
694408.7799
233789.4
3224005.6196
612084.7177
743779.4252
1616972.6916
4656867.0935
609512.1293
1872000
2703600
1030560
8280650
1321297.5071
386213.1729
413566.4239
558838.4409
536336.4
415498.9835
515032.5404
231913
580168.2313
1330440.0735
1994952.2092
1435590.2102
1003005.7873
247000
502794.2757
960272.38
723838.5773
305840.5495
225230.464
1445289.1559
584064.8923
1342399.4729
651263.676
683407.1265
277987.1165
23562537.6803
877753.5132
349075.2069
2501552.1775
337837.5
1471601.25
656067.5127
462268.8
1729629.4107
298750
820629.1328
930875.5565
384692.4648
3734936.5971
4385286.7082
634564.1531
526510.9343
783028.4828
826335.8897
735830.2648
2877332.2507
1131143.0137
8310523.4198
299869.0765
1239483.2032
2385313.2764
767410.1259
920690.6433
410778.6851
258789.7827
238056
284721.1627
558282.342
344898.9875
2671016.2272
568719.108
414263.7806
198079.7378
3727315.6751
1098966.6579
1361263.6441
461341.6143
259958.259
650520
379155.52
2009243.5504
21634399.2608
914640
547996.5291
1177064.4509
198280.3296
642137.3787
1442153.4832
24051269.8005
360375.148
448696.72
1401937.3346
219245.6
4395659.3294
1293448.5719
350560.1112
946523.8544
331741.3292
1413642.2827
1693961.7665
216243.24
1193645.2116
412207.818
452868
680101.7888
838124.8044
2566051.0981
195097.24
1561105.8467
4823778.7206
2086873.1864
1534988.9058
2426628.3058
2458245.6136
302996
1295232.38
1147559.7755
11593034.4944
390170.5114
353584.4592
975833.1618
4512997.2928
396106.2912
520735.6028
497111.4216
710334.7288
217362.988
15538419.3875
505433.4519
545554.2801
3480050.9128
976860
12416981.7462
2051796.3066
573959.7037
1630036.7295
3915199.3403
514702.4241
4210947.2819
3363474.6706
722069.6466
1172614.1729
305431.575
1739351.7162
1944643.7213
249927
506031.8431
2116692.0312
122304
315064.2383
294673.033
3119821.9351
2253718.28
498137.1328
1147868.8245
3134452.8216
2075440.9335
14888832.5881
1703753.6104
671674.4997
734428.1366
255377.2
246488.0521
1650594.9454
540199.1584
570031.3619
346282.9428
330078.7408
389155.5115
433107.4949
860312.4176
4123557.4234
1466290.9423
692891.2746
635236.4035
274635.193
497203.2
333014.5758
335080.7316
274557.7658
169600
1733457.9189
766955.0526
445106.6935
874442.2164
630420.8
729396.2833
2155865.6268
557065.6667
19773457.4806
735506.06
351327.4821
397566.4
587614.9115
196232.0615
324302.8742
926439.4642
479225.8769
325454.5935
834611.3318
1076865.2449
244504.4371
451175.8466
189599.5488
3730582.6568
136363.08
278767.1435
395396.3879
2300877.3646
3156098.6087
307548.2941
8268115.0696
372677.3789
862371.8593
254470.3747
4468869.4869
348678.8964
12745522.3722
764778.612
503660.484
5577899.3402
726165.7234
679906.0678
215130.7088
1238410.1865
1107459.5708
361091.2285
2378337.285
876301.8329
726386.5877
1218892.5855
206186.76
937068.1835
2273919.0898
214638
167899.3719
3044441.1108
679056.0878
3231126.4473
554319.8732
567765.7927
3486393.6437
267985.9348
363895.8989
1436599.9347
451772.0366
818329.909
305328.4
1542139.3727
340873.5
997365.6
4072521.8104
1576872
661060.4
561020.1054
2048027.3094
5884076.5123
813046.9813
360972.8347
613240.312
273684.48
7601231.5704
792266.833
343448.9194
2274352.6288
1062826.57
2819038.6317
273781.9746
279517.3912
1089804.2356
179363.7324
4833820.7897
456548.4
523200
4400226.1331
810474.1836
403801.6376
1444139.941
4592842.2838
507707.9518
2976570.2
529513.28
4491703.7742
1163569.8366
1505844.48
421709.931
500267.805
1194745.6157
1099643.1043
1953845.9211
322576.2748
826854.303
4159625.7842
981932.4557
206851
1258001.4866
2008775.4416
387035.0561
413796.8307
550216.396
423560.6831
1575360
350676.0314
489599.8403
5849400.4304
457635.7879
363751.52
578389.8444
1240800
1754552.0447
4125434.4192
191417.85
22881416.346
739569.6903
275433.9
1632000
165282.1568
1578108.8809
209854.2214
457380.1485
425325.5
6394148.5655
428712.6128
3637251.2184
1023320.9406
2894500.7843
346861.9668
3105581.5167
518428.6209
1599752.8325
1128499.0866
2079884.7747
328200.6285
262238.531
3432837.2935
3177895.4207
3098501.7764
1185683.9135
849626.9367
1093134.1229
1538471.2374
686612.0714
618172.6142
318494.9376
11452424.1595
2704349.543
39836128.3435
401078.99
193725.499
135831.36
820475.2955
817142.4537
420371.1767
5871160.2
814876.3115
1871454.6203
1007415.9291
603292.2646
425700.4139
390623.9294
732685.3901
777914.6783
295927.8136
12025126.278
362159.5439
3828519.1738
2238586.9757
847283.6962
303837.885
753860.796
510438.8828
635568.6037
866066.054
306021
1467503.2652
1709808.3232
1617964.0277
2066488.1542
837811.9819
320256
410280.4134
1803998.1565
1262751.9284
775976.0816
1627820.4648
2697304.3169
442969.731
479595.5108
3353455.8513
309238.7207
575841.2961
470167.9942
773583.0491
653565.7913
434283.5
2378978.1873
337759.0241
2318893.5601
427273.861
7378560.588
1897859.5416
325658.3931
1514002.6138
768432
486280.474
454603.2041
253068.3
961812.4262
360079.8925
924608.3146
1118790
266668.9352
621966.7764
1461095.1499
400715.2503
3917379.5963
6316418.7037
414830.6311
1347688.8297
753601.5088
304309
232870.673
718197.1844
519634.0802
533688.6042
1073789.7591
453930.75
2374267.2917
2972516.3265
1075426.261
237331.458
662967.9053
1103272.8818
596261.113
2051312.3207
142818
211568.49
851001.1568
1296576.1798
1057174.9107
3320437.4548
4635781.7827
623787.6124
352800
1219920
599189.3762
317755.2
13053478.3923
527003.9843
1303963.44
1387052.46
2788871.6869
3523863.85
712789.4896
1522882.7213
203904
9058454.6147
2026297.4905
592050.739
716056.177
416094.7643
620941.0233
407336.3478
3606450.547
1242455.2559
369045
430309.4865
456736.0072
683225.8017
464604.66
2184824.0149
299009.7544
1178435.6159
117267.1741
481600
8821358.3514
35887787.6885
3522550.5857
8493478.8233
15456862.5535
400522.828
1463885.44
1382751.232
567261.0891
410460.5081
241973.654
5756229.0216
3038720.0257
607929.4907
213705.4
537420.8127
1486214.9798
397873.7055
413786.1205
690557.1211
1936088
346667.0329
2188812.933
663398.1274
776080.9762
276965.104
337221.0505
425969.28
2701631.6354
654265.3981
312948.367
465988.6157
3473619.1077
14835993.2484
822380
7005862.7781
469414.4912
592345
552646.6257
489559.2355
3493565.7347
2222410.6847
685779.3323
285430
331686.9744
584180.0656
598839.7058
277122.524
814875.5455
4894213.1331
680673.4103
1879967.3669
1191321.1246
1025840
2912698.3127
2367155.627
953748.6531
718431.7437
19213836.7128
506975.4071
308467.6843
310878.3298
780945.466
8722286.5327
2641600.6604
2163363.1832
736565.4534
698646.3813
738812.9688
7979754.9926
411801.8604
685439.7114
503433.6654
583050.433
978698.5
461144.2559
1509154.349
1911197.012
1177511.1957
10496679.59
405252.9074
392637.96
323839.96
530543.2185
587872.0571
512978.7862
136905.3584
2699313.4944
2148944.1485
1852478.5872
247866.6683
356783.7006
736748.3686
789465.06
3306651.4857
140946
341880
3711408
703058.76
500985.13
900744.1018
1027450.0051
387989.2
197680
4143750
701504.901
803968.8264
645358.8202
1113553.3608
2444368.9879
1285600
6351678.424
815235.228
1534794.492
346055.8038
773724.4641
401640.3667
8391723.8513
3134031.469
922837.7972
608076.3485
320160
648560.3239
2663219.5669
1975178.7976
474367.7735
1231424.4576
795183
1354166.6547
757218.93
2514418.5916
3201523.1423
3628188.1077
1565410.8725
463160.25
335283.12
2631943.3267
36749704.3581
1878010.4499
684913.0339
2080151.2165
658409.91
593787.2426
489195.6015
267480.04
377536.5908
561494.2912
58443713.2501
360896.9472
262128.15
3168798.6591
4142102.5383
780039
332075.2092
771182.2886
723231
434056.9741
839271.9884
253399.7661
12693174.5251
689941.2145
15746900.3259
2862632.8232
118426.0339
2008108.6011
6098737.8342
2927075.6352
724370.4621
1447248.6549
646372.4011
668098.0789
338100.0446
223880.4889
1080701.1206
279548.8918
663920.3383
685490.9202
863419.4838
4712021.9793
394917.1758
1952697.441
757404.3411
1093200
603212.48
2609637.975
341805.8419
375890.8208
11849499.8965
480297.3216
576230.0178
753502.6039
331549.092
816132.7854
343080
9465454.4339
1308241.3686
285689.2215
357509.7188
8555357.6615
438511.8941
620740
1604460.0948
630310.4528
1042800.5089
7484431.1846
520204.2717
291179.52
397631.36
673438.9864
1466298.3734
365776.871
1152528.9438
496941.129
866058.0878
772495.5588
1950673.0451
18824590.9074
1616727.4853
532518.69
346248.5246
2055734.2418
2511643.1955
1256810.12
27182027.6821
935288.9421
393428.9535
421232.5317
111180921.8493
437724.6832
1062319.7645
1677662.5265
405266.0572
2446403.245
426749.9298
515834.456
775607.9963
1830794.2555
2006213.9077
327101.2786
1963940.2281
423816.3
7458399.6675
607338.6682
447187.015
5917825.4405
1141629.6294
242128.4951
490124.8075
111029.8
705828.66
606009.9103
443725.7787
966445.217
633600.9043
486724.6989
3671700.1361
1375135.4628
382772.9745
14194577.6092
2904920.189
651900.4624
373778.0355
191313.8136
8314398.9684
329639.522
532838.1076
1759198.9069
545906.093
275245.2368
653565.637
971554.36
361398.24
445224
2239213.5715
883064.1461
1647057.552
1110250.8677
172382.7
215434.175
509365.0085
2921463.6534
501228
338333.1089
510386.6119
370928.1041
307637.0071
170359.2
399641.3236
775288.5725
952103.3522
418195.8905
377871.1776
319647.6976
441006.6452
395552.4712
533335.595
735817.3281
582722.4384
340797.5758
625711.3977
13030985.0418
790053.5929
5131614.3531
397107.8011
1979240.1395
1788134.4
566928.5017
710000
541759.4996
418571.193
1186803.9094
3243298.0648
448462.4175
968814.1824
630204.8763
5653313.5919
299043.5949
1096184.939
1570359.5997
365928.96
307900.0397
7708479.4437
357600
809374.3825
138999.5642
553613.3792
143766
1352317.8546
346382.7834
408307.2
455906.88
505360
354182.6192
1059652.1554
155127.1
759266.5571
142049.936
225410.8032
2152913.6784
442589.24
158581.192
2652784.172
269586.324
104831415.5279
318026.7507
240235.2
2021908.9009
1487475.1281
332303.5441
1371383.5471
700642.7044
3928949.0495
1264455.36
1648733.0479
2351571.7806
382914.24
1168826.9908
575203.637
425878.9342
350429.464
236598.7968
360113.1239
17891574.5157
878408.9883
195459.544
531420.6487
822505.4173
457866.621
378255.6018
682509.7146
392923.5497
6611991.7779
1227885.1341
812684.7322
334052.6883
1707207.77
438178.5171
358210.9435
874137.5389
1226240
1011184.16
466760.7604
1060235.6934
447360
958800.5516
1604844.6157
487514.0983
920758.2785
905978.7649
282943.309
3464613.3416
549024.8257
727939.0885
9070780.2979
378997.4272
6868344.2239
322140.3422
1088644.2949
369992.3549
288576.5678
1006005.9399
3940978.1507
877414.7589
1024173.7575
280346.447
1237412.145
235805.5916
1052783.1445
69554
590934.0045
747097.12
20910047.6312
319394.18
285676.7576
580281.0745
812029.0381
1975648.7736
274356.3939
1186028.8511
4982524.4068
3624641.5925
10031124.3541
545348.9574
606158.8245
698375.9689
1318235.1468
508059.4983
1265215.1369
1175440.8381
5567729.2259
326300
1510917.76
1576099.3581
792517.5114
1961181.612
845172.9868
541857.46
677573.129
1384735.7085
859644.1387
218535.6505
1975548.4799
439905.5259
604959.76
356448.0147
10530759.5764
786381.695
1147714.642
627097.2113
469925.3484
745587.0056
293004.4416
691117.8033
2576464.41
1508274
539000
242984.0885
255144.3776
540216.82
678321.8343
550694.8941
1871296.0363
155801.1
983125.7849
920732.6937
4742687.5358
589620
358813.786
1933762.95
381169.7069
8086380.4457
258275.4559
1888659.4921
327956.64
2306096.9597
662336.6976
231549.6085
457493.8582
663165.9301
1038925.6921
719803.7231
185472
271382.8319
292948.2732
4823561.6
2365095.747
1040639.7797
305775.846
259513.5772
282880
1322511.75
474362.72
6318691.1654
373769.0946
658776.5837
383447.811
297561.6
1920023.9843
416125.6443
311699.9648
319464
986526.3596
551272.3742
2985029.4434
330116.3606
5242954.3506
531084.6903
497892.9574
447563.8559
259791.0116
355018.0999
734323.6047
507473.2645
538365.4029
342640.984
207752.7
339455.2763
1470647.1035
759866.3046
1008687.0783
362556.4327
482461.1671
356065.5616
177346.0413
743312.0231
726864.1738
779584.2247
1281129.3599
435535.1551
418841.309
602352
1212589.6583
716688.7709
2818698.96
378704.999
791185.1308
416932.026
523358.713
883856.2437
549798.5879
245505.5708
278571.1662
443644.5554
292220.2231
913595.288
1772694.3919
1489822.4335
492002.016
130876.2
589389.9784
993706.2002
2697409.9369
1355842.8
1162036.59
278075.5826
19792180.822
864583.8942
527336.7134
413977.2361
20298472.2673
3633807.3872
402257.0695
7638300
428784.0508
492063
154483.4982
4665272.5718
6913772.84
289294.82
334520.2592
226413.325
1095705.0305
148945.2543
481186.1339
460765.4783
270469.921
246015
1611984.371
290328.8989
425697.2616
11382990.3724
897597.862
3549574.1398
1012919.6648
2104342.1555
467161.9712
581717.5329
825614.7413
268244.3036
393887.5049
580858.5
280065.24
2223933.7734
1399757.5666
942763.5132
460180.0306
1453095.6282
493522.0297
3628787.8779
6748811.5333
441320
2606172.5332
1729029.4764
1735812.8227
918650.3144
2751270.08
799560
355309.032
443671.0416
483864.6029
1778543.1631
3744807.8359
394617.6
955110.6569
681693.2808
776348.76
3297258.2533
563680.459
4376555.2146
363439.4464
1183193.4389
451343.415
534976.0808
224606.592
698400
677980.3523
1056351.2816
2841994.2911
6428030
367950
964969.2
407684.1469
163137.45
4624511.1331
976406.2518
1264139.8006
204688.296
449200
651909.8125
261247.168
189950.954
270053.8901
8657361.4524
884857.4027
287945.0375
6107665.6292
3180381.3298
808852.6223
483391.3095
362937.0956
1138416.222
919950.3129
2156473.4894
2152620.1565
802422.1013
766281.984
382837.7771
415308.7136
202619.396
240470
856566.8693
786004.5443
170577.3914
8771665.6351
431624.1409
489696.4055
5596098.1162
6367257.2261
1083178.2438
1062951.8003
615949.1219
679758.55
415240.1908
915338.64
1697371.6595
512925.9065
4627893.4272
16460945.9199
12672045.8052
233088700.5594
2232666.6168
422498.9544
1883546.5451
1198186.2338
2195663.9305
1663314.8424
288275.7422
1522891.6316
1167093.8365
822650.5048
842782.5846
19320444.7445
276745.4209
433284.3
1928292
826994.384
1033230.3072
272843.7156
18600537.6396
740955.0909
489745.6164
903168
1048552.4703
270839.4143
449347.9971
503006.3536
206167030.2172
565788.0285
276531.2092
1708472.6009
1291749.4092
24658542.4025
199176
940540.3581
384962.5362
1833147.4276
570210.1691
331499.74
393360.8009
463456.0945
13836823.5542
1447730.48
240003.318
1228304.9108
384355.9455
1297521.3167
327600
2476383.0014
315828
1060936.0091
2508969.1099
500841.8757
274274.877
6864900
548302.647
684598.5084
467469.7216
845413.6015
314772.6792
524953.32
742808.7291
1295075.0358
1002265.4825
558322.0668
852747.532
582787.5272
693034.4738
373735.8916
2564101.0756
990243.8004
327475.2041
1302674.5038
461177.1545
915708.6083
651282.5792
178632
462060
99316.1552
3206518.3255
321146.3664
362704.2186
1705707.1578
619632.4547
1516044.4036
280522.1319
520681.3784
449840.7714
928416
2123730.6577
1281587.0712
331955.5491
360343.7977
171195.95
438861.3125
695754.0975
1321492.48
247799.3717
392903.1291
3692573.3
504597.5673
630401.2608
417655.3953
22335953.656
4683559.6781
1227512.6516
1969916.4482
567956.2758
1339392.6
1290811.0837
3381482.8948
607504.4491
1372224.1953
1169409.5
684678.9
634914.1794
1496380.3035
1473360
299000
660369.1212
933747.6788
290370.2052
649707.5527
111060.4262
2796008.699
651123.2
255838.1918
592810.625
1325242.2503
2853820.1458
563194.9467
523019.3353
1581219.1386
1138351.6447
303131.0638
980080.1946
1217553.8802
2195261.6872
316899.4726
288511.2
329518.6159
1918686.6568
721393.6107
425008.0582
119948.6356
451626.2076
742282.427
4926277.9033
513862.3312
6635755.619
933780.7574
848379.1264
483617.2968
2524855.0679
3646606.1457
1531881.7829
528035.4781
567680.8206
1186279.2223
1196728.939
690286.5858
843802.96
7335897.4033
142085.6731
2153494.1404
276521.0535
504739.2424
239130.7137
943884.1693
703659.1736
1052121.0454
246384.38
19164471.3443
280146.6695
947992.5561
127932.9324
263952.4219
980229.6254
319099.5405
633658.8331
544698.4773
1457662.5734
273509.3296
875195.1754
1233802.6179
286232.2166
433462.4
818496.5751
1803955.9886
1569286.3058
11318228.7171
906340.3153
792056.1696
159768.975
448352.9706
638105.5961
13936060.1355
204517.1554
298493.867
1737244.903
6699445.2495
340869.7783
1390491.7402
1844752
2033643.2256
944628.9459
241134.7968
587460.6624
358524
631721.3212
595460.5405
368650.2562
969996.1652
8154889.9508
534592.5746
193863.75
476847.9682
337021.2461
818121.4734
1245130.6473
208119.0921
397893.0821
670251.322
3036829.0986
4082695.6409
522898.0099
4994086.8481
572439.7163
475822.4057
944159.5363
363399.588
313593.5
457003.507
346016
514647.901
961511.6859
20701515.6124
698041.6695
1175200
605935.256
248297.7226
874816.2185
558012
294572.1972
350284
641774.1145
1053375.6137
7520000
342423.8208
1058694.7435
1440814.6323
408571.9265
3383480.3081
617068.3611
13870960.2556
1727497.358
563568.5869
376513.4299
691133.9512
652760
261946.3816
820436.7436
1344812.3012
3765118.035
4054343.9606
206737.1328
553425.7773
1086791.188
806353.5305
338341.3466
315600
793112.6471
504769.338
883515.1456
635650.7733
993265.8139
291078.2098
172269.2598
646229.3142
454542.5084
1247797.8652
9162217.9741
631801.2813
1698371.6789
1240400
802074.9016
1929061.9327
8441466.8021
3242194.2963
5807308.6878
291810.09
408695.5729
164910.0658
1870370.783
1047424
790465.9058
846550.3006
456960
995140.9284
643866.7173
407320.2
315369.4776
473720.192
616176
502500
423290.625
338775.6339
269446.808
1572021.501
3342883.6934
9567856.9834
3115907.296
4745932.9019
2644499.5164
1150264.3687
823163.6816
454926.9329
876485.0144
769088.5289
1115893.4122
338478.516
1445907.4648
966625.2789
531243
1125351.4783
4947272.323
247605.6
485416.8
224763.6397
412203.5405
890934.5862
1013572.2926
2236402.1426
278151.6827
1137152.0408
5123624.7128
836775.7925
425860.578
4157217.5126
617921.9284
468865.0317
407601.6
743317.9358
273241.5392
183731.0104
320671.1337
386640
519283.641
271374.9358
1009941.0366
1261114.8318
942642.1325
6754324.422
2138028.814
466058.468
843551.0656
910510.1422
543801.3658
1527807.9485
890631.9824
2338066.3377
535035.3847
268143.084
907761.2544
84126494.4322
502920
801915.4553
1440990.1516
741519.1355
4178346.3794
338169.6864
517173.9656
449301.5957
947950.557
552735.0432
275968
344533.3816
300000
290720.7713
1730858.472
347547.5
2159541.9438
2437853.922
1494190.4695
237780.759
464628.4915
10120408.4972
502375.9111
243745.52
434845.7383
895671.136
246883
335616
17278612.2252
355561.6247
319000
301885.0861
1535133.6
2026447.8785
388210.806
1277672.4417
678313.5608
759029.8626
1384390.6379
804843.7362
369766.0099
2303334.3372
2813066.5846
255357.9756
2547187.5
8704286.2356
1405910.7752
567217.7098
1450303.1634
2635965.8785
428081.4905
434277.711
959132.9
311082.4598
629723.2552
849786.4652
1363860.9756
2049440
972664.2116
7062470.9064
793411.5
402999.5446
305525.3258
409440
1097362.9371
332545.6164
518175.4397
2542675.8965
307200
272688
1759063.765
873621.7225
256871.7804
1384417.3323
674815.8976
2102258.8499
2341853.6566
411765.1244
461679.0902
548301.1858
919725.5448
733830
16552948.4626
568845.9811
915554.8013
278663.592
505539.9801
1254755.1072
865688.6928
1728507.8136
463641.2183
1629072.5358
281411.2512
645701.3588
428051.9569
843995.3242
1233958.4643
1617402.325
1076980.2774
555278.6183
426044.2849
873041.8014
413324.8938
13767740.2818
956730.4934
366670.8207
7740623.9556
411680.8733
3005294.2554
1422985.2
343442.7587
10038244.2938
886609.374
1060650.3005
274211.7802
1824698.1972
19356737.5697
578357.6226
920279.7808
236306.6711
3083735.9083
432221.4
436913.2224
479880
632495.2305
1813199.7921
455827.9807
174157.0278
368288
364464.18
422293.872
1137739.6826
983312.7302
806975.4092
1329484.5623
262120.2596
600938.8235
671137.6452
2785739.4073
467324.9523
210277.5865
487468.9376
294805.8594
1309122.7528
949523.3836
407041.3152
291045.3981
3923940.7004
655700.1213
1447975.2486
664733.8523
1600459.776
530396.7595
1051955.4166
3447384.5339
379312.0013
149596.2112
341173.0329
5699785.8283
6279762.667
1059772.2558
143690.46
1016401.7635
363800.9952
314625.1095
515417.373
444795.9686
3363630.2484
587680
744669.5504
10338904.704
507987.9996
823248
411355.518
820626.253
522704.9971
407848.8887
3916717.3055
1740604.8
9042658.8746
345600
342132.8858
262480.9508
2919254.4397
573214.887
711513.9311
266420.245
916927.7075
4333039.9038
2662287.3985
362039.725
173747.4
528320.8214
276583.7738
1902444.4988
623927.1304
791698.2237
237763.0673
6058536.825
446396.2041
685220.5341
268749.4674
6448275.1994
514821.145
481396.1615
295078.3135
941623.54
1379274.5979
767010.1879
568030.4616
38728026.4709
2085257.7782
2196068.0435
151161.6
390133.5523
361102.628
5473749.1869
314902.1374
1547863.6645
2638490.9579
2168442.5427
841542.787
431763.9396
3720765.1671
180424.3282
59687241.5855
820931.674
281482.1102
2704159.8268
708582.3888
1193138.9201
724981.7855
1436382
3162674.4854
957004.4567
2525327.7405
2006950.0168
9166228.232
292866.4113
341717.712
1056297.1084
668524.4354
938062.6173
3148857.8344
173158.6073
335710.4257
2486337.394
189109.788
241677.2783
567645.5241
2532816.4019
262603.6847
245587.4322
509302.2663
669284.313
619868.2453
399516.7292
343457.5159
402048
451669.4048
612510.624
465439.2882
316722.0466
3125490.6957
550067.217
67116.803
119277055.1
662583.1522
750586.5898
573464.6775
5554862.0154
2117840
163158315.177
203739.0998
1413372.9436
6938553.7743
252548.38
16623047.8329
1068862.4397
559587.0894
283812.9072
1064425.997
2403852.9752
10686132.1927
464545.7362
1082175.2959
259760
830883.04
11104154.4288
13839869.3559
1111869.4549
2492786.4
1013648.2813
2753796.1166
1752742.808
6895610.6824
309945.2432
450557.695
368730.5799
229200
1883119.0015
343596.7808
326805.5
7706167.3268
550735.4826
238893.9451
259204.071
833597.5105
4867437.0485
186586.4
2707737.0371
1881189.8488
12754795.751
5459397.2513
402185.929
347119.9577
372503.8405
290632
1062902.3935
1335467.8627
616730.7946
840034.4458
732612.1924
1844982.6696
520212.9561
258152.8
2485551.2411
443305.1366
3385283.6186
1394754.9062
618367.814
487682.5585
526500
347900
1031153.9524
2377650.7466
1072500
305338.9471
473759.2517
323807.0207
1818224.4574
1462999.923
1141411.7766
3831104.9015
117017.3743
345019.3909
342736.8
233150.932
14668581.6525
500070.8377
1277469.8826
353475.0778
222080
1753181.61
224762.1455
405132.3098
317927.3401
541896.2266
314965.2
454168.26
450406.1135
306979.4305
5017636.1884
369136.8524
509855.19
725454.9219
380150.2971
701196.5147
1158300
911901.8649
336820.4163
1250020.8845
886569.2889
520170.1924
298558.6958
808160.5534
454198.3159
2023129.8971
628983.7467
428000
302224.44
611818.5242
106695.8779
280307.3672
1135585.0362
624100
483972.583
277791.0852
1891391.9162
458350.7622
21057975.0637
376068.0652
131971.65
774502.8716
482648.5104
1885631.9298
150540
896219.6086
1696328.991
303206.9176
592376.0162
821440
767016
275600
4813004
896983.3222
636323.8696
580828.5
1506314.0628
1684063.6656
587039.513
2649079.4266
1664371.5754
2668791.2502
1479148.7446
11925262.105
1785530.982
7374803.012
3622930.7114
540083.2134
531512.8545
2494983.5679
393967.7605
1362730.9278
1638237.7727
632189.2325
3536574.706
17036614.1411
1153031.8278
2301181.56
969309.5937
862239.8335
1085869.9974
542193.6784
1212178.3717
510319.8114
1050074.8973
864590.7988
870901.7981
370137.7845
742692.0829
910679.9038
511033.1904
575632.0175
7873230
218770.265
296376.7936
354037.891
251812.8
798019.7125
372402.6449
370806
549774.5546
358485.256
419386.7895
1783453.7701
247313.6049
420943.367
1946719.9929
1090068.0689
259584
130832.0481
855706.1294
413871.2614
1466666.696
818494.404
2816766.2232
1009792
254826
2377492.5704
449491.9
1117755.5638
1148140.3073
773998.3184
393785.6164
461255.613
314999.5481
1093037.9009
338183.1669
1623857.8988
1926563.3582
479149.44
633704.7861
749409.6045
1251604.1346
270874.56
327890.2736
25695999.9998
413608.4385
523302.9705
314568.8064
1039901.5413
915330.965
366540.1862
722924.1431
1969154.0286
442513.349
1078025
268202.6204
736473.7461
538272.3143
374179.3205
344856.84
475365.8357
371430.3194
1565765.5744
326946.354
1429487.3895
421402.9418
604759.7993
862507.3475
904925.8225
2662424.2836
1024759.9556
295205.7933
1695310.6272
2209667.719
277668.3924
334080
433604.2024
702742.9457
438410.9915
7998584.7282
1151398.472
9479320.0035
7395703.373
26721104.1365
399547.2
2264273.9209
309584.8
2661776.3898
303057.8755
1519526.4024
935136.407
581408.9232
2263868.025
235134.3921
2910533.3784
2133284.5294
3284666.2046
257159.9016
384720.1674
1376980.9693
420646.2858
390234.8433
437556.2875
2710673.0923
707652.5792
2373934.7342
508270.274
2476590.2714
2103908.3408
2915020.32
2244729.3965
4597274.3069
838493.7491
949006.5924
1244001.5417
3716828.7407
3636742.7905
859414.8
1960616
1311197.0611
389366.6497
651840
571982.539
1176752.64
398353.2826
2367659.19
1085566.8105
4771365.8805
864780.6571
4531930.1015
38355575.1935
1339371.0363
1109164.6305
1327071.6455
1692245.1946
359512.9245
498790.8027
485058.6569
2700368.5557
427443.2135
344656.4058
1047566.541
236848.0843
276150
12269608.1859
3425047.6791
432547.3152
1122764.0719
513520.0297
177940.256
218338.4606
738826.3844
2011438.3527
1081169.48
458291.3372
767350.9529
786265.1461
279820
5123212.5163
312208
6085040.1073
543622.8875
2043239.1667
2495834.406
316992
204737.995
248821.76
452827.8019
1185314.8151
1491289.7598
593020.5627
2615617.52
2149847.9777
1010793.5172
739601.772
1141800
755484.7076
160180.25
4980875.9155
5633091
906618.6439
440304.6772
401556.1525
3929411.2796
339477.68
1752841.3703
528017.27
548416.9675
357233.5808
249847.1107
744010.7533
14870949.4018
2441471.42
1872677.776
3732086.595
995576.2411
369376
196056
463680
650255.9838
4251381.5529
278661.1741
2790128.64
1993412.1348
135620.1457
1072892.4899
327355.0292
1404148.0883
350176.2296
482056.8195
407720.8859
425646.3834
650269.1247
616846.32
2085404.1353
3284913.9803
1083480.3777
1358584.1308
534009.7209
1784850
1687723.1603
3673332.1614
19084632.9927
470050
557438.5432
1512869.3309
340704
570211.2814
825244.2443
806596.9626
1342000
429641.6834
400109.1011
565866.4337
1051588.0852
266554.5446
541793.8453
2719710.2316
521668.5671
930886.5384
286015.1177
605447.6773
5395566.738
456408.6322
338371.0021
4341174.3334
36464776.1078
1237595.7628
518764.0142
110982.1306
930564.8
839526.8
887655.8308
323395.267
417744.2101
522226.9435
502094.8669
236488.7
596909.5973
301205.4098
261249.9676
17029555.2
376598.742
626297.922
633584.3182
429973.7048
908059.52
7711628.0019
2878400
2803443.6209
1038476.976
582240
377135.6611
1237616.2334
581231.828
948467.52
3860553.4842
372922.7712
8120622.2227
1382310.7237
708908.9658
433921.7135
659266.8989
267875.9509
1174404.7228
156156
297114.4238
216127.6174
270010
1206179.163
371200
1237714.725
253055.7779
2332406.3612
395520
1449025.7053
1564591.08
119813.0539
3716032.4602
1670233.105
12917624.1493
344287.2964
205779
1790376
178709.0164
1032622.3515
546560.0024
1154413.2589
2080526.3578
5217656.1581
711360
162628.0588
584954.8252
1090426.9776
252235.368
827517.8005
432643.178
684824.3788
646825.4761
614863.295
909507.1301
1690870.9159
292953.2794
3432002.4757
283746.671
226032.96
88529.8392
610887.5747
503382.6083
439286.46
1048991.3695
288201.0928
792974.0592
1018550.0543
1078491.5865
571314.6109
756042.5809
481756.517
1815680
707660.5618
1240628.7909
336600
410118.6
1559790.57
4033125
1512160.6072
498706.4946
426336.4627
344332.8
1490494.1171
389648.846
1247069.8785
1502788.2724
855866.6605
355995
1117800
4275035.5751
741473.8968
489783.4291
1347633.69
1942606.2109
2501636.7
457275
1025858.1334
316425.5461
553906.801
414383.0399
577919.4412
122478.24
1236131.3803
339040.3244
1960575.2677
657110.968
903871.9593
1151326.4056
1478436.96
1283642.503
873600.0006
399550.6487
1746036.7755
536743.87
18326089.8479
4404671.4384
4836285.3669
278348.0927
729529.29
372815.3
2290837.5852
663161.3127
392315.516
276651.25
166406.6218
1810665.856
364698.4616
303513.3536
501229.1667
172356
633470.94
519849.603
7094765.5636
256300.0026
2462070.544
235593.5766
593614.184
601155.4058
765300.9777
5174333.3983
571973.1346
509612.74
347198.7261
523345.68
3053967.9081
2109532.9247
1507913.0099
763493.7422
1085902.6906
659243.6386
2038672.3261
510867.8862
173844.8044
281576.1549
867649.8036
3067326.9395
550482.7654
618142.7785
683500
1946445.9895
2382290.0468
3667197.2596
631589.6146
4446118.8265
1522354.6385
590195.9654
239844
210297.384
297059.6728
507487.8451
517334.2018
8172012.6748
615878.8218
1757708.8259
3054054.0837
320472.4616
2334307.8353
597858.2907
313482.6152
479490.4923
20880767.981
3568312.8857
144276.7424
4627750.1571
1190695.7812
59870.0281
1393784.5367
237009945.6019
543154.7661
463236.604
3498374.1787
3503314.299
1690721.6535
3760085.923
241036.402
1247301.8848
2367995.2629
381600
285172.16
575393.286
844560.0613
534447.8921
1787500.0008
607392
566018.8246
305392.1337
517547.5695
942239.2422
3098804.4673
574465.3406
374907.8862
1825292.4
2362711.2146
398615.9742
964767.5776
846845.4383
602043.8097
1439640.1953
416938.4703
348550.7362
1342305.5732
462059.0377
534590.9721
634321.017
1703794.8092
240030
2221931.3381
465346.7052
467362.1979
757872
1040559.247
1079987.4873
1505234.902
328067.8678
404920.5546
504105.12
324353.8647
1096462.8073
2710790.0127
448267.8449
421282.342
716778.0244
737838.5097
1907440.3056
486807.812
1203798.8966
353753.4
3949782.9119
1430561.875
599637.344
942029.2
672303.7542
355735.3422
276317.756
468480
2763642.6305
2639425.5979
615810.591
32806250.7255
285652.1056
6009434.0184
606171.9481
6430316.2055
352240
4756197.2747
195185.0334
401863.56
11881115.1762
664482.0448
631374.0841
352609.3593
463436.8977
541253.0848
258398.0657
4652764.375
1375331.3879
529126.4
1217818.2191
198525.5586
377320.883
339940.2857
266570.8152
164965.4122
1412626.5713
1543305.4212
2164355.2933
1930324.861
1229858.2381
8792149.2447
14148986.3519
578888.4334
396880
21833158.8661
585458.803
3819499.8243
1105201.8051
2677689.9251
231000
973409.0186
286650
221760
1307693.0605
353250
532176.7762
417421.8836
448621.5019
222724.184
4250095.3747
936944.7944
1213310.3204
232923.0344
3207420.5416
313143.6245
269246.7758
347079.2367
2156859.12
486266.4748
21676027.2419
836866.8
1260169.7261
96786628.6296
356169.2824
916677.946
1700610.1658
1007538.0899
6036362.2308
868808.649
373504.6716
525189.6
629547.7886
1104998.5414
631315.9426
765607.2321
3652530.863
1568466.6648
399833.0775
657087.1328
1348763.8949
2375220.1101
611950.8124
334349.4713
7167194.187
3187074.2227
301394.0074
1232082.84
301300
343554.6006
500658.3373
276865.8608
1067698.4823
168861.4029
3414760.4226
483046.7854
1018537.0972
4867380.2607
892339.8842
1006813.0133
1664387.3814
240900.4737
2265018
158578.9415
337724.84
673982.4
663951.7918
3161621.6942
190513.2512
479022.6253
559922
586335.3531
570224.7217
497776.4703
2095001.4975
1655392.5129
1665381.1915
9762095.2593
451076.3708
255979.9317
5004303.099
1038666.2756
700278.735
660208.0776
797874.8521
744601.9524
272700.3038
284954.4123
574095.9784
1326937.2502
1397080.2807
40231452.3169
2066087.5754
1002366.3428
1647121.3563
3254570.3089
430327.872
333049.9921
4191237.8968
383218.4014
438068.4
1864677.2667
878217.2606
352476.2123
398776.4137
558589.1383
320019
1422432.9565